   9.9266131e-17   3.5302002e-01   5.7315917e-01   4.3867704e-01  -7.7963437e-17  -4.3867704e-01  -5.7315917e-01  -3.5302002e-01   0.0000000e+00   3.5302002e-01   6.1499051e-01   4.9924569e-01   2.4578940e-16  -5.5452254e-01  -7.6421222e-01  -4.9924569e-01   0.0000000e+00   3.5302002e-01   5.7315917e-01   4.9924569e-01  -9.9266131e-17  -6.2038301e-01  -9.0031632e-01  -6.2038301e-01   0.0000000e+00   4.9924569e-01   5.7315917e-01   4.3867704e-01   2.4578940e-16  -6.2038301e-01  -9.4964120e-01  -6.8907228e-01   0.0000000e+00   6.2038301e-01   7.6421222e-01   4.3867704e-01  -7.7963437e-17  -5.5452254e-01  -9.0031632e-01  -6.8907228e-01   0.0000000e+00   6.8907228e-01   9.0031632e-01   5.5452254e-01   7.7963437e-17  -4.3867704e-01  -7.6421222e-01  -6.2038301e-01   0.0000000e+00   6.8907228e-01   9.4964120e-01   6.2038301e-01  -2.4578940e-16  -4.3867704e-01  -5.7315917e-01  -4.9924569e-01   0.0000000e+00   6.2038301e-01   9.0031632e-01   6.2038301e-01   9.9266131e-17  -4.9924569e-01  -5.7315917e-01  -3.5302002e-01   0.0000000e+00   4.9924569e-01   7.6421222e-01   5.5452254e-01  -2.4578940e-16  -4.9924569e-01  -6.1499051e-01  -3.5302002e-01   0.0000000e+00   3.5302002e-01   5.7315917e-01   4.3867704e-01   7.7963437e-17  -4.3867704e-01  -5.7315917e-01  -3.5302002e-01  -9.9266131e-17
  -1.4889920e-16  -4.9924569e-01   1.4038351e-16   6.2038301e-01  -7.7963437e-17  -6.2038301e-01   0.0000000e+00   4.9924569e-01   4.9633065e-17  -3.5302002e-01  -4.3486396e-01   4.9924569e-01   5.4037965e-01  -5.5452254e-01  -5.4037965e-01   4.9924569e-01   4.3486396e-01  -3.5302002e-01  -5.7315917e-01  -4.5415959e-16   8.1056947e-01  -1.0744489e-16  -9.0031632e-01   0.0000000e+00   8.1056947e-01  -5.4062455e-16  -5.7315917e-01  -4.3867704e-01   5.4037965e-01   6.2038301e-01  -6.7149773e-01  -6.8907228e-01   6.7149773e-01   6.2038301e-01  -5.4037965e-01  -4.3867704e-01   1.5592687e-16   7.8421330e-01  -1.1025695e-16  -9.7449536e-01   0.0000000e+00   9.7449536e-01   1.1025695e-16  -7.8421330e-01  -1.5592687e-16   4.3867704e-01   5.4037965e-01  -6.2038301e-01  -6.7149773e-01   6.8907228e-01   6.7149773e-01  -6.2038301e-01  -5.4037965e-01   4.3867704e-01   5.7315917e-01   5.4062455e-16  -8.1056947e-01   0.0000000e+00   9.0031632e-01   1.0744489e-16  -8.1056947e-01   4.5415959e-16   5.7315917e-01   3.5302002e-01  -4.3486396e-01  -4.9924569e-01   5.4037965e-01   5.5452254e-01  -5.4037965e-01  -4.9924569e-01   4.3486396e-01   3.5302002e-01  -4.9633065e-17  -4.9924569e-01   0.0000000e+00   6.2038301e-01   7.7963437e-17  -6.2038301e-01  -1.4038351e-16   4.9924569e-01   1.4889920e-16
   1.9853226e-16   3.5302002e-01  -5.7315917e-01   4.3867704e-01  -7.7963437e-17  -4.3867704e-01   5.7315917e-01  -3.5302002e-01  -9.9266131e-17   3.5302002e-01   8.6649874e-16  -4.9924569e-01   7.6421222e-01  -5.5452254e-01  -3.3937840e-16   4.9924569e-01  -6.1499051e-01   3.5302002e-01   5.7315917e-01  -4.9924569e-01   1.9853226e-16   6.2038301e-01  -9.0031632e-01   6.2038301e-01   9.9266131e-17  -4.9924569e-01   5.7315917e-01   4.3867704e-01  -7.6421222e-01   6.2038301e-01  -1.1629751e-16  -6.8907228e-01   9.4964120e-01  -6.2038301e-01   4.9157879e-16   4.3867704e-01  -2.3389031e-16  -5.5452254e-01   9.0031632e-01  -6.8907228e-01   0.0000000e+00   6.8907228e-01  -9.0031632e-01   5.5452254e-01   2.3389031e-16  -4.3867704e-01  -4.9157879e-16   6.2038301e-01  -9.4964120e-01   6.8907228e-01   1.1629751e-16  -6.2038301e-01   7.6421222e-01  -4.3867704e-01  -5.7315917e-01   4.9924569e-01  -9.9266131e-17  -6.2038301e-01   9.0031632e-01  -6.2038301e-01  -1.9853226e-16   4.9924569e-01  -5.7315917e-01  -3.5302002e-01   6.1499051e-01  -4.9924569e-01   3.3937840e-16   5.5452254e-01  -7.6421222e-01   4.9924569e-01  -8.6649874e-16  -3.5302002e-01   9.9266131e-17   3.5302002e-01  -5.7315917e-01   4.3867704e-01   7.7963437e-17  -4.3867704e-01   5.7315917e-01  -3.5302002e-01  -1.9853226e-16
  -2.4816533e-16  -6.4227865e-16  -2.1057526e-16   1.5195001e-16  -7.7963437e-17   0.0000000e+00   7.0191754e-17   7.6455858e-16   1.4889920e-16  -3.5302002e-01   4.3486396e-01  -4.9924569e-01   5.4037965e-01  -5.5452254e-01   5.4037965e-01  -4.9924569e-01   4.3486396e-01  -3.5302002e-01  -5.7315917e-01   7.0604003e-01  -8.1056947e-01   8.7735407e-01  -9.0031632e-01   8.7735407e-01  -8.1056947e-01   7.0604003e-01  -5.7315917e-01  -4.3867704e-01   5.4037965e-01  -6.2038301e-01   6.7149773e-01  -6.8907228e-01   6.7149773e-01  -6.2038301e-01   5.4037965e-01  -4.3867704e-01   3.1185375e-16   1.1049274e-15   2.2051390e-16  -1.1934126e-16   0.0000000e+00   1.1934126e-16  -2.2051390e-16  -1.1049274e-15  -3.1185375e-16   4.3867704e-01  -5.4037965e-01   6.2038301e-01  -6.7149773e-01   6.8907228e-01  -6.7149773e-01   6.2038301e-01  -5.4037965e-01   4.3867704e-01   5.7315917e-01  -7.0604003e-01   8.1056947e-01  -8.7735407e-01   9.0031632e-01  -8.7735407e-01   8.1056947e-01  -7.0604003e-01   5.7315917e-01   3.5302002e-01  -4.3486396e-01   4.9924569e-01  -5.4037965e-01   5.5452254e-01  -5.4037965e-01   4.9924569e-01  -4.3486396e-01   3.5302002e-01  -1.4889920e-16  -7.6455858e-16  -7.0191754e-17   0.0000000e+00   7.7963437e-17  -1.5195001e-16   2.1057526e-16   6.4227865e-16   2.4816533e-16
  -1.4889920e-16  -3.5302002e-01  -5.7315917e-01  -4.3867704e-01   1.5592687e-16   4.3867704e-01   5.7315917e-01   3.5302002e-01  -4.9633065e-17  -4.9924569e-01  -4.3486396e-01  -4.5415959e-16   5.4037965e-01   7.8421330e-01   5.4037965e-01   5.4062455e-16  -4.3486396e-01  -4.9924569e-01   1.4038351e-16   4.9924569e-01   8.1056947e-01   6.2038301e-01  -1.1025695e-16  -6.2038301e-01  -8.1056947e-01  -4.9924569e-01   0.0000000e+00   6.2038301e-01   5.4037965e-01  -1.0744489e-16  -6.7149773e-01  -9.7449536e-01  -6.7149773e-01   0.0000000e+00   5.4037965e-01   6.2038301e-01  -7.7963437e-17  -5.5452254e-01  -9.0031632e-01  -6.8907228e-01   0.0000000e+00   6.8907228e-01   9.0031632e-01   5.5452254e-01   7.7963437e-17  -6.2038301e-01  -5.4037965e-01   0.0000000e+00   6.7149773e-01   9.7449536e-01   6.7149773e-01   1.0744489e-16  -5.4037965e-01  -6.2038301e-01   0.0000000e+00   4.9924569e-01   8.1056947e-01   6.2038301e-01   1.1025695e-16  -6.2038301e-01  -8.1056947e-01  -4.9924569e-01  -1.4038351e-16   4.9924569e-01   4.3486396e-01  -5.4062455e-16  -5.4037965e-01  -7.8421330e-01  -5.4037965e-01   4.5415959e-16   4.3486396e-01   4.9924569e-01   4.9633065e-17  -3.5302002e-01  -5.7315917e-01  -4.3867704e-01  -1.5592687e-16   4.3867704e-01   5.7315917e-01   3.5302002e-01   1.4889920e-16
   1.9853226e-16   4.9924569e-01  -2.1057526e-16  -6.2038301e-01   1.5592687e-16   6.2038301e-01  -7.0191754e-17  -4.9924569e-01   0.0000000e+00   4.9924569e-01   8.6649874e-16  -7.0604003e-01  -4.9157879e-16   7.8421330e-01   5.8516780e-16  -7.0604003e-01   0.0000000e+00   4.9924569e-01  -2.1057526e-16  -7.0604003e-01   1.9853226e-16   8.7735407e-01  -1.1025695e-16  -8.7735407e-01   0.0000000e+00   7.0604003e-01   7.0191754e-17  -6.2038301e-01  -4.9157879e-16   8.7735407e-01  -1.1629751e-16  -9.7449536e-01   0.0000000e+00   8.7735407e-01  -5.8516780e-16  -6.2038301e-01   1.5592687e-16   7.8421330e-01  -1.1025695e-16  -9.7449536e-01   0.0000000e+00   9.7449536e-01   1.1025695e-16  -7.8421330e-01  -1.5592687e-16   6.2038301e-01   5.8516780e-16  -8.7735407e-01   0.0000000e+00   9.7449536e-01   1.1629751e-16  -8.7735407e-01   4.9157879e-16   6.2038301e-01  -7.0191754e-17  -7.0604003e-01   0.0000000e+00   8.7735407e-01   1.1025695e-16  -8.7735407e-01  -1.9853226e-16   7.0604003e-01   2.1057526e-16  -4.9924569e-01   0.0000000e+00   7.0604003e-01  -5.8516780e-16  -7.8421330e-01   4.9157879e-16   7.0604003e-01  -8.6649874e-16  -4.9924569e-01   0.0000000e+00   4.9924569e-01   7.0191754e-17  -6.2038301e-01  -1.5592687e-16   6.2038301e-01   2.1057526e-16  -4.9924569e-01  -1.9853226e-16
  -2.4816533e-16  -3.5302002e-01   5.7315917e-01  -4.3867704e-01   1.5592687e-16   4.3867704e-01  -5.7315917e-01   3.5302002e-01   4.9633065e-17  -4.9924569e-01   4.3486396e-01  -2.5939490e-16  -5.4037965e-01   7.8421330e-01  -5.4037965e-01  -6.2708952e-16   4.3486396e-01  -4.9924569e-01   2.8076702e-16   4.9924569e-01  -8.1056947e-01   6.2038301e-01  -1.1025695e-16  -6.2038301e-01   8.1056947e-01  -4.9924569e-01  -1.4038351e-16   6.2038301e-01  -5.4037965e-01   2.1488977e-16   6.7149773e-01  -9.7449536e-01   6.7149773e-01   1.0744489e-16  -5.4037965e-01   6.2038301e-01  -2.3389031e-16  -5.5452254e-01   9.0031632e-01  -6.8907228e-01   0.0000000e+00   6.8907228e-01  -9.0031632e-01   5.5452254e-01   2.3389031e-16  -6.2038301e-01   5.4037965e-01  -1.0744489e-16  -6.7149773e-01   9.7449536e-01  -6.7149773e-01  -2.1488977e-16   5.4037965e-01  -6.2038301e-01   1.4038351e-16   4.9924569e-01  -8.1056947e-01   6.2038301e-01   1.1025695e-16  -6.2038301e-01   8.1056947e-01  -4.9924569e-01  -2.8076702e-16   4.9924569e-01  -4.3486396e-01   6.2708952e-16   5.4037965e-01  -7.8421330e-01   5.4037965e-01   2.5939490e-16  -4.3486396e-01   4.9924569e-01  -4.9633065e-17  -3.5302002e-01   5.7315917e-01  -4.3867704e-01  -1.5592687e-16   4.3867704e-01  -5.7315917e-01   3.5302002e-01   2.4816533e-16
   2.9779839e-16   5.8113868e-16   2.8076702e-16  -2.2792502e-16   1.5592687e-16  -7.5975007e-17   0.0000000e+00  -8.2569854e-16  -9.9266131e-17   4.9924569e-01  -6.1499051e-01   7.0604003e-01  -7.6421222e-01   7.8421330e-01  -7.6421222e-01   7.0604003e-01  -6.1499051e-01   4.9924569e-01  -3.5095877e-16  -9.0831917e-16  -2.9779839e-16   2.1488977e-16  -1.1025695e-16   0.0000000e+00   9.9266131e-17   1.0812491e-15   2.1057526e-16  -6.2038301e-01   7.6421222e-01  -8.7735407e-01   9.4964120e-01  -9.7449536e-01   9.4964120e-01  -8.7735407e-01   7.6421222e-01  -6.2038301e-01   3.1185375e-16   1.1049274e-15   2.2051390e-16  -1.1934126e-16   0.0000000e+00   1.1934126e-16  -2.2051390e-16  -1.1049274e-15  -3.1185375e-16   6.2038301e-01  -7.6421222e-01   8.7735407e-01  -9.4964120e-01   9.7449536e-01  -9.4964120e-01   8.7735407e-01  -7.6421222e-01   6.2038301e-01  -2.1057526e-16  -1.0812491e-15  -9.9266131e-17   0.0000000e+00   1.1025695e-16  -2.1488977e-16   2.9779839e-16   9.0831917e-16   3.5095877e-16  -4.9924569e-01   6.1499051e-01  -7.0604003e-01   7.6421222e-01  -7.8421330e-01   7.6421222e-01  -7.0604003e-01   6.1499051e-01  -4.9924569e-01   9.9266131e-17   8.2569854e-16   0.0000000e+00   7.5975007e-17  -1.5592687e-16   2.2792502e-16  -2.8076702e-16  -5.8113868e-16  -2.9779839e-16
   1.9853226e-16   3.5302002e-01   5.7315917e-01   4.3867704e-01  -2.3389031e-16  -4.3867704e-01  -5.7315917e-01  -3.5302002e-01   9.9266131e-17   3.5302002e-01   8.6649874e-16  -4.9924569e-01  -7.6421222e-01  -5.5452254e-01  -4.9157879e-16   4.9924569e-01   6.1499051e-01   3.5302002e-01  -5.7315917e-01  -4.9924569e-01   1.9853226e-16   6.2038301e-01   9.0031632e-01   6.2038301e-01  -9.9266131e-17  -4.9924569e-01  -5.7315917e-01   4.3867704e-01   7.6421222e-01   6.2038301e-01  -1.1629751e-16  -6.8907228e-01  -9.4964120e-01  -6.2038301e-01   3.3937840e-16   4.3867704e-01  -7.7963437e-17  -5.5452254e-01  -9.0031632e-01  -6.8907228e-01   0.0000000e+00   6.8907228e-01   9.0031632e-01   5.5452254e-01   7.7963437e-17  -4.3867704e-01  -3.3937840e-16   6.2038301e-01   9.4964120e-01   6.8907228e-01   1.1629751e-16  -6.2038301e-01  -7.6421222e-01  -4.3867704e-01   5.7315917e-01   4.9924569e-01   9.9266131e-17  -6.2038301e-01  -9.0031632e-01  -6.2038301e-01  -1.9853226e-16   4.9924569e-01   5.7315917e-01  -3.5302002e-01  -6.1499051e-01  -4.9924569e-01   4.9157879e-16   5.5452254e-01   7.6421222e-01   4.9924569e-01  -8.6649874e-16  -3.5302002e-01  -9.9266131e-17   3.5302002e-01   5.7315917e-01   4.3867704e-01   2.3389031e-16  -4.3867704e-01  -5.7315917e-01  -3.5302002e-01  -1.9853226e-16
  -2.4816533e-16  -4.9924569e-01   2.8076702e-16   6.2038301e-01  -2.3389031e-16  -6.2038301e-01   1.4038351e-16   4.9924569e-01  -4.9633065e-17  -3.5302002e-01   4.3486396e-01   4.9924569e-01  -5.4037965e-01  -5.5452254e-01   5.4037965e-01   4.9924569e-01  -4.3486396e-01  -3.5302002e-01   5.7315917e-01  -2.5939490e-16  -8.1056947e-01   2.1488977e-16   9.0031632e-01  -1.0744489e-16  -8.1056947e-01   6.2708952e-16   5.7315917e-01  -4.3867704e-01  -5.4037965e-01   6.2038301e-01   6.7149773e-01  -6.8907228e-01  -6.7149773e-01   6.2038301e-01   5.4037965e-01  -4.3867704e-01   1.5592687e-16   7.8421330e-01  -1.1025695e-16  -9.7449536e-01   0.0000000e+00   9.7449536e-01   1.1025695e-16  -7.8421330e-01  -1.5592687e-16   4.3867704e-01  -5.4037965e-01  -6.2038301e-01   6.7149773e-01   6.8907228e-01  -6.7149773e-01  -6.2038301e-01   5.4037965e-01   4.3867704e-01  -5.7315917e-01  -6.2708952e-16   8.1056947e-01   1.0744489e-16  -9.0031632e-01  -2.1488977e-16   8.1056947e-01   2.5939490e-16  -5.7315917e-01   3.5302002e-01   4.3486396e-01  -4.9924569e-01  -5.4037965e-01   5.5452254e-01   5.4037965e-01  -4.9924569e-01  -4.3486396e-01   3.5302002e-01   4.9633065e-17  -4.9924569e-01  -1.4038351e-16   6.2038301e-01   2.3389031e-16  -6.2038301e-01  -2.8076702e-16   4.9924569e-01   2.4816533e-16
   2.9779839e-16   3.5302002e-01  -5.7315917e-01   4.3867704e-01  -2.3389031e-16  -4.3867704e-01   5.7315917e-01  -3.5302002e-01   0.0000000e+00   3.5302002e-01  -6.1499051e-01   4.9924569e-01  -2.8076702e-16  -5.5452254e-01   7.6421222e-01  -4.9924569e-01   0.0000000e+00   3.5302002e-01  -5.7315917e-01   4.9924569e-01  -2.9779839e-16  -6.2038301e-01   9.0031632e-01  -6.2038301e-01   0.0000000e+00   4.9924569e-01  -5.7315917e-01   4.3867704e-01  -2.8076702e-16  -6.2038301e-01   9.4964120e-01  -6.8907228e-01   0.0000000e+00   6.2038301e-01  -7.6421222e-01   4.3867704e-01  -2.3389031e-16  -5.5452254e-01   9.0031632e-01  -6.8907228e-01   0.0000000e+00   6.8907228e-01  -9.0031632e-01   5.5452254e-01   2.3389031e-16  -4.3867704e-01   7.6421222e-01  -6.2038301e-01   0.0000000e+00   6.8907228e-01  -9.4964120e-01   6.2038301e-01   2.8076702e-16  -4.3867704e-01   5.7315917e-01  -4.9924569e-01   0.0000000e+00   6.2038301e-01  -9.0031632e-01   6.2038301e-01   2.9779839e-16  -4.9924569e-01   5.7315917e-01  -3.5302002e-01   0.0000000e+00   4.9924569e-01  -7.6421222e-01   5.5452254e-01   2.8076702e-16  -4.9924569e-01   6.1499051e-01  -3.5302002e-01   0.0000000e+00   3.5302002e-01  -5.7315917e-01   4.3867704e-01   2.3389031e-16  -4.3867704e-01   5.7315917e-01  -3.5302002e-01  -2.9779839e-16
  -3.4743146e-16   3.6683979e-16  -3.5095877e-16   3.0390003e-16  -2.3389031e-16   1.5195001e-16  -7.0191754e-17   8.8683850e-16   4.9633065e-17  -3.5302002e-01   4.3486396e-01  -4.9924569e-01   5.4037965e-01  -5.5452254e-01   5.4037965e-01  -4.9924569e-01   4.3486396e-01  -3.5302002e-01   5.7315917e-01  -7.0604003e-01   8.1056947e-01  -8.7735407e-01   9.0031632e-01  -8.7735407e-01   8.1056947e-01  -7.0604003e-01   5.7315917e-01  -4.3867704e-01   5.4037965e-01  -6.2038301e-01   6.7149773e-01  -6.8907228e-01   6.7149773e-01  -6.2038301e-01   5.4037965e-01  -4.3867704e-01   3.1185375e-16   1.1049274e-15   2.2051390e-16  -1.1934126e-16   0.0000000e+00   1.1934126e-16  -2.2051390e-16  -1.1049274e-15  -3.1185375e-16   4.3867704e-01  -5.4037965e-01   6.2038301e-01  -6.7149773e-01   6.8907228e-01  -6.7149773e-01   6.2038301e-01  -5.4037965e-01   4.3867704e-01  -5.7315917e-01   7.0604003e-01  -8.1056947e-01   8.7735407e-01  -9.0031632e-01   8.7735407e-01  -8.1056947e-01   7.0604003e-01  -5.7315917e-01   3.5302002e-01  -4.3486396e-01   4.9924569e-01  -5.4037965e-01   5.5452254e-01  -5.4037965e-01   4.9924569e-01  -4.3486396e-01   3.5302002e-01  -4.9633065e-17  -8.8683850e-16   7.0191754e-17  -1.5195001e-16   2.3389031e-16  -3.0390003e-16   3.5095877e-16  -3.6683979e-16   3.4743146e-16
  -2.4816533e-16  -3.5302002e-01  -5.7315917e-01  -4.3867704e-01   3.1185375e-16   4.3867704e-01   5.7315917e-01   3.5302002e-01  -1.4889920e-16  -6.4227865e-16   4.3486396e-01   7.0604003e-01   5.4037965e-01   1.1049274e-15  -5.4037965e-01  -7.0604003e-01  -4.3486396e-01  -7.6455858e-16  -2.1057526e-16  -4.9924569e-01  -8.1056947e-01  -6.2038301e-01   2.2051390e-16   6.2038301e-01   8.1056947e-01   4.9924569e-01  -7.0191754e-17   1.5195001e-16   5.4037965e-01   8.7735407e-01   6.7149773e-01  -1.1934126e-16  -6.7149773e-01  -8.7735407e-01  -5.4037965e-01   0.0000000e+00  -7.7963437e-17  -5.5452254e-01  -9.0031632e-01  -6.8907228e-01   0.0000000e+00   6.8907228e-01   9.0031632e-01   5.5452254e-01   7.7963437e-17   0.0000000e+00   5.4037965e-01   8.7735407e-01   6.7149773e-01   1.1934126e-16  -6.7149773e-01  -8.7735407e-01  -5.4037965e-01  -1.5195001e-16   7.0191754e-17  -4.9924569e-01  -8.1056947e-01  -6.2038301e-01  -2.2051390e-16   6.2038301e-01   8.1056947e-01   4.9924569e-01   2.1057526e-16   7.6455858e-16   4.3486396e-01   7.0604003e-01   5.4037965e-01  -1.1049274e-15  -5.4037965e-01  -7.0604003e-01  -4.3486396e-01   6.4227865e-16   1.4889920e-16  -3.5302002e-01  -5.7315917e-01  -4.3867704e-01  -3.1185375e-16   4.3867704e-01   5.7315917e-01   3.5302002e-01   2.4816533e-16
   2.9779839e-16   4.9924569e-01  -3.5095877e-16  -6.2038301e-01   3.1185375e-16   6.2038301e-01  -2.1057526e-16  -4.9924569e-01   9.9266131e-17   5.8113868e-16  -6.1499051e-01  -9.0831917e-16   7.6421222e-01   1.1049274e-15  -7.6421222e-01  -1.0812491e-15   6.1499051e-01   8.2569854e-16   2.8076702e-16   7.0604003e-01  -2.9779839e-16  -8.7735407e-01   2.2051390e-16   8.7735407e-01  -9.9266131e-17  -7.0604003e-01   0.0000000e+00  -2.2792502e-16  -7.6421222e-01   2.1488977e-16   9.4964120e-01  -1.1934126e-16  -9.4964120e-01   0.0000000e+00   7.6421222e-01   7.5975007e-17   1.5592687e-16   7.8421330e-01  -1.1025695e-16  -9.7449536e-01   0.0000000e+00   9.7449536e-01   1.1025695e-16  -7.8421330e-01  -1.5592687e-16  -7.5975007e-17  -7.6421222e-01   0.0000000e+00   9.4964120e-01   1.1934126e-16  -9.4964120e-01  -2.1488977e-16   7.6421222e-01   2.2792502e-16   0.0000000e+00   7.0604003e-01   9.9266131e-17  -8.7735407e-01  -2.2051390e-16   8.7735407e-01   2.9779839e-16  -7.0604003e-01  -2.8076702e-16  -8.2569854e-16  -6.1499051e-01   1.0812491e-15   7.6421222e-01  -1.1049274e-15  -7.6421222e-01   9.0831917e-16   6.1499051e-01  -5.8113868e-16  -9.9266131e-17   4.9924569e-01   2.1057526e-16  -6.2038301e-01  -3.1185375e-16   6.2038301e-01   3.5095877e-16  -4.9924569e-01  -2.9779839e-16
  -3.4743146e-16  -3.5302002e-01   5.7315917e-01  -4.3867704e-01   3.1185375e-16   4.3867704e-01  -5.7315917e-01   3.5302002e-01  -4.9633065e-17   3.6683979e-16   4.3486396e-01  -7.0604003e-01   5.4037965e-01   1.1049274e-15  -5.4037965e-01   7.0604003e-01  -4.3486396e-01  -8.8683850e-16  -3.5095877e-16  -4.9924569e-01   8.1056947e-01  -6.2038301e-01   2.2051390e-16   6.2038301e-01  -8.1056947e-01   4.9924569e-01   7.0191754e-17   3.0390003e-16   5.4037965e-01  -8.7735407e-01   6.7149773e-01  -1.1934126e-16  -6.7149773e-01   8.7735407e-01  -5.4037965e-01  -1.5195001e-16  -2.3389031e-16  -5.5452254e-01   9.0031632e-01  -6.8907228e-01   0.0000000e+00   6.8907228e-01  -9.0031632e-01   5.5452254e-01   2.3389031e-16   1.5195001e-16   5.4037965e-01  -8.7735407e-01   6.7149773e-01   1.1934126e-16  -6.7149773e-01   8.7735407e-01  -5.4037965e-01  -3.0390003e-16  -7.0191754e-17  -4.9924569e-01   8.1056947e-01  -6.2038301e-01  -2.2051390e-16   6.2038301e-01  -8.1056947e-01   4.9924569e-01   3.5095877e-16   8.8683850e-16   4.3486396e-01  -7.0604003e-01   5.4037965e-01  -1.1049274e-15  -5.4037965e-01   7.0604003e-01  -4.3486396e-01  -3.6683979e-16   4.9633065e-17  -3.5302002e-01   5.7315917e-01  -4.3867704e-01  -3.1185375e-16   4.3867704e-01  -5.7315917e-01   3.5302002e-01   3.4743146e-16
   3.9706452e-16   1.3456973e-15   4.2115052e-16  -3.7987504e-16   3.1185375e-16  -2.2792502e-16   1.4038351e-16  -9.4797847e-16   0.0000000e+00   1.3456973e-15  -1.7329975e-15   8.2185421e-16  -9.8315759e-16   1.1049274e-15  -1.1703356e-15   1.1677141e-15   0.0000000e+00   9.4797847e-16   4.2115052e-16   8.2185421e-16   3.9706452e-16  -3.2233466e-16   2.2051390e-16  -1.0744489e-16   0.0000000e+00  -1.1677141e-15  -1.4038351e-16  -3.7987504e-16  -9.8315759e-16  -3.2233466e-16   2.3259501e-16  -1.1934126e-16   0.0000000e+00   1.0744489e-16   1.1703356e-15   2.2792502e-16   3.1185375e-16   1.1049274e-15   2.2051390e-16  -1.1934126e-16   0.0000000e+00   1.1934126e-16  -2.2051390e-16  -1.1049274e-15  -3.1185375e-16  -2.2792502e-16  -1.1703356e-15  -1.0744489e-16   0.0000000e+00   1.1934126e-16  -2.3259501e-16   3.2233466e-16   9.8315759e-16   3.7987504e-16   1.4038351e-16   1.1677141e-15   0.0000000e+00   1.0744489e-16  -2.2051390e-16   3.2233466e-16  -3.9706452e-16  -8.2185421e-16  -4.2115052e-16  -9.4797847e-16   0.0000000e+00  -1.1677141e-15   1.1703356e-15  -1.1049274e-15   9.8315759e-16  -8.2185421e-16   1.7329975e-15  -1.3456973e-15   0.0000000e+00   9.4797847e-16  -1.4038351e-16   2.2792502e-16  -3.1185375e-16   3.7987504e-16  -4.2115052e-16  -1.3456973e-15  -3.9706452e-16
