   4.0528473e-01   3.5302002e-01  -1.0528763e-16  -4.3867704e-01  -6.3661977e-01  -4.3867704e-01   3.5095877e-17   3.5302002e-01   4.0528473e-01   3.5302002e-01   4.3324937e-16  -4.9924569e-01  -7.6421222e-01  -5.5452254e-01  -2.9258390e-16   4.9924569e-01   6.1499051e-01   3.5302002e-01  -1.0528763e-16  -4.9924569e-01  -8.1056947e-01  -6.2038301e-01   5.5128475e-17   6.2038301e-01   8.1056947e-01   4.9924569e-01   3.5095877e-17  -4.3867704e-01  -7.6421222e-01  -6.2038301e-01   5.8148753e-17   6.8907228e-01   9.4964120e-01   6.2038301e-01  -2.9258390e-16  -4.3867704e-01  -6.3661977e-01  -5.5452254e-01   5.5128475e-17   6.8907228e-01   1.0000000e+00   6.8907228e-01   5.5128475e-17  -5.5452254e-01  -6.3661977e-01  -4.3867704e-01  -2.9258390e-16   6.2038301e-01   9.4964120e-01   6.8907228e-01   5.8148753e-17  -6.2038301e-01  -7.6421222e-01  -4.3867704e-01   3.5095877e-17   4.9924569e-01   8.1056947e-01   6.2038301e-01   5.5128475e-17  -6.2038301e-01  -8.1056947e-01  -4.9924569e-01  -1.0528763e-16   3.5302002e-01   6.1499051e-01   4.9924569e-01  -2.9258390e-16  -5.5452254e-01  -7.6421222e-01  -4.9924569e-01   4.3324937e-16   3.5302002e-01   4.0528473e-01   3.5302002e-01   3.5095877e-17  -4.3867704e-01  -6.3661977e-01  -4.3867704e-01  -1.0528763e-16   3.5302002e-01   4.0528473e-01
  -4.0528473e-01  -2.9056934e-16   5.7315917e-01  -1.1396251e-16  -6.3661977e-01   3.7987504e-17   5.7315917e-01  -4.1284927e-16  -4.0528473e-01  -3.5302002e-01   4.3486396e-01   4.9924569e-01  -5.4037965e-01  -5.5452254e-01   5.4037965e-01   4.9924569e-01  -4.3486396e-01  -3.5302002e-01   1.7547939e-16   7.0604003e-01  -1.4889920e-16  -8.7735407e-01   5.5128475e-17   8.7735407e-01   4.9633065e-17  -7.0604003e-01  -1.0528763e-16   4.3867704e-01   5.4037965e-01  -6.2038301e-01  -6.7149773e-01   6.8907228e-01   6.7149773e-01  -6.2038301e-01  -5.4037965e-01   4.3867704e-01   6.3661977e-01   5.5246369e-16  -9.0031632e-01   5.9670631e-17   1.0000000e+00   5.9670631e-17  -9.0031632e-01   5.5246369e-16   6.3661977e-01   4.3867704e-01  -5.4037965e-01  -6.2038301e-01   6.7149773e-01   6.8907228e-01  -6.7149773e-01  -6.2038301e-01   5.4037965e-01   4.3867704e-01  -1.0528763e-16  -7.0604003e-01   4.9633065e-17   8.7735407e-01   5.5128475e-17  -8.7735407e-01  -1.4889920e-16   7.0604003e-01   1.7547939e-16  -3.5302002e-01  -4.3486396e-01   4.9924569e-01   5.4037965e-01  -5.5452254e-01  -5.4037965e-01   4.9924569e-01   4.3486396e-01  -3.5302002e-01  -4.0528473e-01  -4.1284927e-16   5.7315917e-01   3.7987504e-17  -6.3661977e-01  -1.1396251e-16   5.7315917e-01  -2.9056934e-16  -4.0528473e-01
   4.0528473e-01  -3.5302002e-01   1.7547939e-16   4.3867704e-01  -6.3661977e-01   4.3867704e-01   3.5095877e-17  -3.5302002e-01   4.0528473e-01   3.5302002e-01  -6.1499051e-01   4.9924569e-01  -1.4038351e-16  -5.5452254e-01   7.6421222e-01  -4.9924569e-01  -1.1297192e-16   3.5302002e-01  -2.4567114e-16  -4.9924569e-01   8.1056947e-01  -6.2038301e-01   5.5128475e-17   6.2038301e-01  -8.1056947e-01   4.9924569e-01   1.7547939e-16  -4.3867704e-01  -4.4478429e-16   6.2038301e-01  -9.4964120e-01   6.8907228e-01   5.8148753e-17  -6.2038301e-01   7.6421222e-01  -4.3867704e-01  -6.3661977e-01   5.5452254e-01  -1.6538542e-16  -6.8907228e-01   1.0000000e+00  -6.8907228e-01  -1.6538542e-16   5.5452254e-01  -6.3661977e-01  -4.3867704e-01   7.6421222e-01  -6.2038301e-01   5.8148753e-17   6.8907228e-01  -9.4964120e-01   6.2038301e-01  -4.4478429e-16  -4.3867704e-01   1.7547939e-16   4.9924569e-01  -8.1056947e-01   6.2038301e-01   5.5128475e-17  -6.2038301e-01   8.1056947e-01  -4.9924569e-01  -2.4567114e-16   3.5302002e-01  -1.1297192e-16  -4.9924569e-01   7.6421222e-01  -5.5452254e-01  -1.4038351e-16   4.9924569e-01  -6.1499051e-01   3.5302002e-01   4.0528473e-01  -3.5302002e-01   3.5095877e-17   4.3867704e-01  -6.3661977e-01   4.3867704e-01   1.7547939e-16  -3.5302002e-01   4.0528473e-01
  -4.0528473e-01   4.9924569e-01  -5.7315917e-01   6.2038301e-01  -6.3661977e-01   6.2038301e-01  -5.7315917e-01   4.9924569e-01  -4.0528473e-01  -3.5302002e-01   4.3486396e-01  -4.9924569e-01   5.4037965e-01  -5.5452254e-01   5.4037965e-01  -4.9924569e-01   4.3486396e-01  -3.5302002e-01   3.1586289e-16   9.5155166e-16   2.4816533e-16  -1.6116733e-16   5.5128475e-17   5.3722443e-17  -1.4889920e-16  -1.0380166e-15  -2.4567114e-16   4.3867704e-01  -5.4037965e-01   6.2038301e-01  -6.7149773e-01   6.8907228e-01  -6.7149773e-01   6.2038301e-01  -5.4037965e-01   4.3867704e-01   6.3661977e-01  -7.8421330e-01   9.0031632e-01  -9.7449536e-01   1.0000000e+00  -9.7449536e-01   9.0031632e-01  -7.8421330e-01   6.3661977e-01   4.3867704e-01  -5.4037965e-01   6.2038301e-01  -6.7149773e-01   6.8907228e-01  -6.7149773e-01   6.2038301e-01  -5.4037965e-01   4.3867704e-01  -2.4567114e-16  -1.0380166e-15  -1.4889920e-16   5.3722443e-17   5.5128475e-17  -1.6116733e-16   2.4816533e-16   9.5155166e-16   3.1586289e-16  -3.5302002e-01   4.3486396e-01  -4.9924569e-01   5.4037965e-01  -5.5452254e-01   5.4037965e-01  -4.9924569e-01   4.3486396e-01  -3.5302002e-01  -4.0528473e-01   4.9924569e-01  -5.7315917e-01   6.2038301e-01  -6.3661977e-01   6.2038301e-01  -5.7315917e-01   4.9924569e-01  -4.0528473e-01
   4.0528473e-01  -3.5302002e-01  -2.4567114e-16   4.3867704e-01  -6.3661977e-01   4.3867704e-01  -1.0528763e-16  -3.5302002e-01   4.0528473e-01   3.5302002e-01  -7.5352682e-16  -4.9924569e-01   7.6421222e-01  -5.5452254e-01   3.8617291e-16   4.9924569e-01  -6.1499051e-01   3.5302002e-01  -1.4041899e-15   4.9924569e-01  -8.1056947e-01   6.2038301e-01   5.5128475e-17  -6.2038301e-01   8.1056947e-01  -4.9924569e-01   3.1586289e-16  -4.3867704e-01   7.6421222e-01  -6.2038301e-01  -1.7444626e-16   6.8907228e-01  -9.4964120e-01   6.2038301e-01   1.0299521e-15  -4.3867704e-01  -6.3661977e-01   5.5452254e-01   2.7564237e-16  -6.8907228e-01   1.0000000e+00  -6.8907228e-01   2.7564237e-16   5.5452254e-01  -6.3661977e-01  -4.3867704e-01   1.0299521e-15   6.2038301e-01  -9.4964120e-01   6.8907228e-01  -1.7444626e-16  -6.2038301e-01   7.6421222e-01  -4.3867704e-01   3.1586289e-16  -4.9924569e-01   8.1056947e-01  -6.2038301e-01   5.5128475e-17   6.2038301e-01  -8.1056947e-01   4.9924569e-01  -1.4041899e-15   3.5302002e-01  -6.1499051e-01   4.9924569e-01   3.8617291e-16  -5.5452254e-01   7.6421222e-01  -4.9924569e-01  -7.5352682e-16   3.5302002e-01   4.0528473e-01  -3.5302002e-01  -1.0528763e-16   4.3867704e-01  -6.3661977e-01   4.3867704e-01  -2.4567114e-16  -3.5302002e-01   4.0528473e-01
  -4.0528473e-01   5.5056870e-16   5.7315917e-01   1.8993752e-16  -6.3661977e-01   3.7987504e-17   5.7315917e-01   6.7284863e-16  -4.0528473e-01  -3.5302002e-01  -4.3486396e-01   4.9924569e-01   5.4037965e-01  -5.5452254e-01  -5.4037965e-01   4.9924569e-01   4.3486396e-01  -3.5302002e-01  -5.6188881e-16  -7.0604003e-01  -3.4743146e-16   8.7735407e-01   5.5128475e-17  -8.7735407e-01   2.4816533e-16   7.0604003e-01  -1.4041899e-15   4.3867704e-01  -5.4037965e-01  -6.2038301e-01   6.7149773e-01   6.8907228e-01  -6.7149773e-01  -6.2038301e-01   5.4037965e-01   4.3867704e-01   6.3661977e-01  -9.6086972e-16  -9.0031632e-01  -1.7901189e-16   1.0000000e+00  -1.7901189e-16  -9.0031632e-01  -9.6086972e-16   6.3661977e-01   4.3867704e-01   5.4037965e-01  -6.2038301e-01  -6.7149773e-01   6.8907228e-01   6.7149773e-01  -6.2038301e-01  -5.4037965e-01   4.3867704e-01  -1.4041899e-15   7.0604003e-01   2.4816533e-16  -8.7735407e-01   5.5128475e-17   8.7735407e-01  -3.4743146e-16  -7.0604003e-01  -5.6188881e-16  -3.5302002e-01   4.3486396e-01   4.9924569e-01  -5.4037965e-01  -5.5452254e-01   5.4037965e-01   4.9924569e-01  -4.3486396e-01  -3.5302002e-01  -4.0528473e-01   6.7284863e-16   5.7315917e-01   3.7987504e-17  -6.3661977e-01   1.8993752e-16   5.7315917e-01   5.5056870e-16  -4.0528473e-01
   4.0528473e-01   3.5302002e-01   3.1586289e-16  -4.3867704e-01  -6.3661977e-01  -4.3867704e-01   1.7547939e-16   3.5302002e-01   4.0528473e-01   3.5302002e-01   6.1499051e-01   4.9924569e-01   2.3397251e-16  -5.5452254e-01  -7.6421222e-01  -4.9924569e-01   3.3891577e-16   3.5302002e-01  -1.5445734e-15   4.9924569e-01   8.1056947e-01   6.2038301e-01   5.5128475e-17  -6.2038301e-01  -8.1056947e-01  -4.9924569e-01  -5.6188881e-16  -4.3867704e-01   8.4277408e-16   6.2038301e-01   9.4964120e-01   6.8907228e-01  -1.7444626e-16  -6.2038301e-01  -7.6421222e-01  -4.3867704e-01  -6.3661977e-01  -5.5452254e-01  -3.8589932e-16   6.8907228e-01   1.0000000e+00   6.8907228e-01  -3.8589932e-16  -5.5452254e-01  -6.3661977e-01  -4.3867704e-01  -7.6421222e-01  -6.2038301e-01  -1.7444626e-16   6.8907228e-01   9.4964120e-01   6.2038301e-01   8.4277408e-16  -4.3867704e-01  -5.6188881e-16  -4.9924569e-01  -8.1056947e-01  -6.2038301e-01   5.5128475e-17   6.2038301e-01   8.1056947e-01   4.9924569e-01  -1.5445734e-15   3.5302002e-01   3.3891577e-16  -4.9924569e-01  -7.6421222e-01  -5.5452254e-01   2.3397251e-16   4.9924569e-01   6.1499051e-01   3.5302002e-01   4.0528473e-01   3.5302002e-01   1.7547939e-16  -4.3867704e-01  -6.3661977e-01  -4.3867704e-01   3.1586289e-16   3.5302002e-01   4.0528473e-01
  -4.0528473e-01  -4.9924569e-01  -5.7315917e-01  -6.2038301e-01  -6.3661977e-01  -6.2038301e-01  -5.7315917e-01  -4.9924569e-01  -4.0528473e-01  -3.5302002e-01  -4.3486396e-01  -4.9924569e-01  -5.4037965e-01  -5.5452254e-01  -5.4037965e-01  -4.9924569e-01  -4.3486396e-01  -3.5302002e-01  -4.2150530e-16  -6.9215676e-16   4.4669759e-16   2.6861221e-16   5.5128475e-17  -1.6116733e-16  -3.4743146e-16   3.2869798e-15  -1.5445734e-15   4.3867704e-01   5.4037965e-01   6.2038301e-01   6.7149773e-01   6.8907228e-01   6.7149773e-01   6.2038301e-01   5.4037965e-01   4.3867704e-01   6.3661977e-01   7.8421330e-01   9.0031632e-01   9.7449536e-01   1.0000000e+00   9.7449536e-01   9.0031632e-01   7.8421330e-01   6.3661977e-01   4.3867704e-01   5.4037965e-01   6.2038301e-01   6.7149773e-01   6.8907228e-01   6.7149773e-01   6.2038301e-01   5.4037965e-01   4.3867704e-01  -1.5445734e-15   3.2869798e-15  -3.4743146e-16  -1.6116733e-16   5.5128475e-17   2.6861221e-16   4.4669759e-16  -6.9215676e-16  -4.2150530e-16  -3.5302002e-01  -4.3486396e-01  -4.9924569e-01  -5.4037965e-01  -5.5452254e-01  -5.4037965e-01  -4.9924569e-01  -4.3486396e-01  -3.5302002e-01  -4.0528473e-01  -4.9924569e-01  -5.7315917e-01  -6.2038301e-01  -6.3661977e-01  -6.2038301e-01  -5.7315917e-01  -4.9924569e-01  -4.0528473e-01
  -4.0528473e-01  -3.5302002e-01   1.7547939e-16   4.3867704e-01   6.3661977e-01   4.3867704e-01  -1.0528763e-16  -3.5302002e-01  -4.0528473e-01  -2.9056934e-16   4.3486396e-01   7.0604003e-01   5.4037965e-01   5.5246369e-16  -5.4037965e-01  -7.0604003e-01  -4.3486396e-01  -4.1284927e-16   5.7315917e-01   4.9924569e-01  -1.4889920e-16  -6.2038301e-01  -9.0031632e-01  -6.2038301e-01   4.9633065e-17   4.9924569e-01   5.7315917e-01  -1.1396251e-16  -5.4037965e-01  -8.7735407e-01  -6.7149773e-01   5.9670631e-17   6.7149773e-01   8.7735407e-01   5.4037965e-01   3.7987504e-17  -6.3661977e-01  -5.5452254e-01   5.5128475e-17   6.8907228e-01   1.0000000e+00   6.8907228e-01   5.5128475e-17  -5.5452254e-01  -6.3661977e-01   3.7987504e-17   5.4037965e-01   8.7735407e-01   6.7149773e-01   5.9670631e-17  -6.7149773e-01  -8.7735407e-01  -5.4037965e-01  -1.1396251e-16   5.7315917e-01   4.9924569e-01   4.9633065e-17  -6.2038301e-01  -9.0031632e-01  -6.2038301e-01  -1.4889920e-16   4.9924569e-01   5.7315917e-01  -4.1284927e-16  -4.3486396e-01  -7.0604003e-01  -5.4037965e-01   5.5246369e-16   5.4037965e-01   7.0604003e-01   4.3486396e-01  -2.9056934e-16  -4.0528473e-01  -3.5302002e-01  -1.0528763e-16   4.3867704e-01   6.3661977e-01   4.3867704e-01   1.7547939e-16  -3.5302002e-01  -4.0528473e-01
   4.0528473e-01   6.7284863e-16  -5.7315917e-01   1.8993752e-16   6.3661977e-01  -1.1396251e-16  -5.7315917e-01   4.7398923e-16   4.0528473e-01   6.7284863e-16  -6.1499051e-01  -4.1092710e-16   7.6421222e-01   5.5246369e-16  -7.6421222e-01  -5.8385704e-16   6.1499051e-01   4.7398923e-16  -5.7315917e-01  -4.1092710e-16   8.1056947e-01  -1.6116733e-16  -9.0031632e-01   5.3722443e-17   8.1056947e-01  -5.8385704e-16  -5.7315917e-01   1.8993752e-16   7.6421222e-01  -1.6116733e-16  -9.4964120e-01   5.9670631e-17   9.4964120e-01   5.3722443e-17  -7.6421222e-01  -1.1396251e-16   6.3661977e-01   5.5246369e-16  -9.0031632e-01   5.9670631e-17   1.0000000e+00   5.9670631e-17  -9.0031632e-01   5.5246369e-16   6.3661977e-01  -1.1396251e-16  -7.6421222e-01   5.3722443e-17   9.4964120e-01   5.9670631e-17  -9.4964120e-01  -1.6116733e-16   7.6421222e-01   1.8993752e-16  -5.7315917e-01  -5.8385704e-16   8.1056947e-01   5.3722443e-17  -9.0031632e-01  -1.6116733e-16   8.1056947e-01  -4.1092710e-16  -5.7315917e-01   4.7398923e-16   6.1499051e-01  -5.8385704e-16  -7.6421222e-01   5.5246369e-16   7.6421222e-01  -4.1092710e-16  -6.1499051e-01   6.7284863e-16   4.0528473e-01   4.7398923e-16  -5.7315917e-01  -1.1396251e-16   6.3661977e-01   1.8993752e-16  -5.7315917e-01   6.7284863e-16   4.0528473e-01
  -4.0528473e-01   3.5302002e-01  -2.4567114e-16  -4.3867704e-01   6.3661977e-01  -4.3867704e-01   3.5095877e-17   3.5302002e-01  -4.0528473e-01  -6.1170867e-16   4.3486396e-01  -7.0604003e-01   5.4037965e-01   5.5246369e-16  -5.4037965e-01   7.0604003e-01  -4.3486396e-01  -5.3512920e-16   5.7315917e-01  -4.9924569e-01   2.4816533e-16   6.2038301e-01  -9.0031632e-01   6.2038301e-01   4.9633065e-17  -4.9924569e-01   5.7315917e-01  -2.6591252e-16  -5.4037965e-01   8.7735407e-01  -6.7149773e-01   5.9670631e-17   6.7149773e-01  -8.7735407e-01   5.4037965e-01   1.8993752e-16  -6.3661977e-01   5.5452254e-01  -1.6538542e-16  -6.8907228e-01   1.0000000e+00  -6.8907228e-01  -1.6538542e-16   5.5452254e-01  -6.3661977e-01   1.8993752e-16   5.4037965e-01  -8.7735407e-01   6.7149773e-01   5.9670631e-17  -6.7149773e-01   8.7735407e-01  -5.4037965e-01  -2.6591252e-16   5.7315917e-01  -4.9924569e-01   4.9633065e-17   6.2038301e-01  -9.0031632e-01   6.2038301e-01   2.4816533e-16  -4.9924569e-01   5.7315917e-01  -5.3512920e-16  -4.3486396e-01   7.0604003e-01  -5.4037965e-01   5.5246369e-16   5.4037965e-01  -7.0604003e-01   4.3486396e-01  -6.1170867e-16  -4.0528473e-01   3.5302002e-01   3.5095877e-17  -4.3867704e-01   6.3661977e-01  -4.3867704e-01  -2.4567114e-16   3.5302002e-01  -4.0528473e-01
   4.0528473e-01  -4.9924569e-01   5.7315917e-01  -6.2038301e-01   6.3661977e-01  -6.2038301e-01   5.7315917e-01  -4.9924569e-01   4.0528473e-01   5.5056870e-16  -7.5352682e-16   9.5155166e-16  -4.4478429e-16   5.5246369e-16  -6.3196230e-16   6.7032200e-16   4.3324937e-16   5.9626916e-16  -5.7315917e-01   7.0604003e-01  -8.1056947e-01   8.7735407e-01  -9.0031632e-01   8.7735407e-01  -8.1056947e-01   7.0604003e-01  -5.7315917e-01   3.4188753e-16   1.0299521e-15   2.6861221e-16  -1.7444626e-16   5.9670631e-17   5.8148753e-17  -1.6116733e-16  -1.1235411e-15  -2.6591252e-16   6.3661977e-01  -7.8421330e-01   9.0031632e-01  -9.7449536e-01   1.0000000e+00  -9.7449536e-01   9.0031632e-01  -7.8421330e-01   6.3661977e-01  -2.6591252e-16  -1.1235411e-15  -1.6116733e-16   5.8148753e-17   5.9670631e-17  -1.7444626e-16   2.6861221e-16   1.0299521e-15   3.4188753e-16  -5.7315917e-01   7.0604003e-01  -8.1056947e-01   8.7735407e-01  -9.0031632e-01   8.7735407e-01  -8.1056947e-01   7.0604003e-01  -5.7315917e-01   5.9626916e-16   4.3324937e-16   6.7032200e-16  -6.3196230e-16   5.5246369e-16  -4.4478429e-16   9.5155166e-16  -7.5352682e-16   5.5056870e-16   4.0528473e-01  -4.9924569e-01   5.7315917e-01  -6.2038301e-01   6.3661977e-01  -6.2038301e-01   5.7315917e-01  -4.9924569e-01   4.0528473e-01
  -4.0528473e-01   3.5302002e-01   3.1586289e-16  -4.3867704e-01   6.3661977e-01  -4.3867704e-01   3.5095877e-17   3.5302002e-01  -4.0528473e-01  -4.8942874e-16  -4.3486396e-01   7.0604003e-01  -5.4037965e-01   5.5246369e-16   5.4037965e-01  -7.0604003e-01   4.3486396e-01  -1.1008284e-15   5.7315917e-01  -4.9924569e-01  -3.4743146e-16   6.2038301e-01  -9.0031632e-01   6.2038301e-01  -1.4889920e-16  -4.9924569e-01   5.7315917e-01  -1.5198841e-15   5.4037965e-01  -8.7735407e-01   6.7149773e-01   5.9670631e-17  -6.7149773e-01   8.7735407e-01  -5.4037965e-01   3.4188753e-16  -6.3661977e-01   5.5452254e-01   2.7564237e-16  -6.8907228e-01   1.0000000e+00  -6.8907228e-01   2.7564237e-16   5.5452254e-01  -6.3661977e-01   3.4188753e-16  -5.4037965e-01   8.7735407e-01  -6.7149773e-01   5.9670631e-17   6.7149773e-01  -8.7735407e-01   5.4037965e-01  -1.5198841e-15   5.7315917e-01  -4.9924569e-01  -1.4889920e-16   6.2038301e-01  -9.0031632e-01   6.2038301e-01  -3.4743146e-16  -4.9924569e-01   5.7315917e-01  -1.1008284e-15   4.3486396e-01  -7.0604003e-01   5.4037965e-01   5.5246369e-16  -5.4037965e-01   7.0604003e-01  -4.3486396e-01  -4.8942874e-16  -4.0528473e-01   3.5302002e-01   3.5095877e-17  -4.3867704e-01   6.3661977e-01  -4.3867704e-01   3.1586289e-16   3.5302002e-01  -4.0528473e-01
   4.0528473e-01  -4.8942874e-16  -5.7315917e-01  -2.6591252e-16   6.3661977e-01   3.7987504e-17  -5.7315917e-01  -7.3398859e-16   4.0528473e-01   4.2828877e-16   6.1499051e-01  -8.6508669e-16  -7.6421222e-01   5.5246369e-16   7.6421222e-01  -7.5678697e-16  -6.1499051e-01   1.1619683e-15  -5.7315917e-01   7.7862172e-16   8.1056947e-01   2.6861221e-16  -9.0031632e-01   5.3722443e-17   8.1056947e-01   9.5155166e-16  -5.7315917e-01  -6.0818406e-16  -7.6421222e-01  -3.7605710e-16   9.4964120e-01   5.9670631e-17  -9.4964120e-01   2.6861221e-16   7.6421222e-01  -1.5198841e-15   6.3661977e-01  -9.6086972e-16  -9.0031632e-01  -1.7901189e-16   1.0000000e+00  -1.7901189e-16  -9.0031632e-01  -9.6086972e-16   6.3661977e-01  -1.5198841e-15   7.6421222e-01   2.6861221e-16  -9.4964120e-01   5.9670631e-17   9.4964120e-01  -3.7605710e-16  -7.6421222e-01  -6.0818406e-16  -5.7315917e-01   9.5155166e-16   8.1056947e-01   5.3722443e-17  -9.0031632e-01   2.6861221e-16   8.1056947e-01   7.7862172e-16  -5.7315917e-01   1.1619683e-15  -6.1499051e-01  -7.5678697e-16   7.6421222e-01   5.5246369e-16  -7.6421222e-01  -8.6508669e-16   6.1499051e-01   4.2828877e-16   4.0528473e-01  -7.3398859e-16  -5.7315917e-01   3.7987504e-17   6.3661977e-01  -2.6591252e-16  -5.7315917e-01  -4.8942874e-16   4.0528473e-01
  -4.0528473e-01  -3.5302002e-01  -1.4041899e-15   4.3867704e-01   6.3661977e-01   4.3867704e-01  -1.0528763e-16  -3.5302002e-01  -4.0528473e-01  -3.6714881e-16  -4.3486396e-01  -7.0604003e-01  -5.4037965e-01   5.5246369e-16   5.4037965e-01   7.0604003e-01   4.3486396e-01  -1.2231083e-15   5.7315917e-01   4.9924569e-01   4.4669759e-16  -6.2038301e-01  -9.0031632e-01  -6.2038301e-01   2.4816533e-16   4.9924569e-01   5.7315917e-01  -1.6718342e-15   5.4037965e-01   8.7735407e-01   6.7149773e-01   5.9670631e-17  -6.7149773e-01  -8.7735407e-01  -5.4037965e-01  -6.0818406e-16  -6.3661977e-01  -5.5452254e-01  -3.8589932e-16   6.8907228e-01   1.0000000e+00   6.8907228e-01  -3.8589932e-16  -5.5452254e-01  -6.3661977e-01  -6.0818406e-16  -5.4037965e-01  -8.7735407e-01  -6.7149773e-01   5.9670631e-17   6.7149773e-01   8.7735407e-01   5.4037965e-01  -1.6718342e-15   5.7315917e-01   4.9924569e-01   2.4816533e-16  -6.2038301e-01  -9.0031632e-01  -6.2038301e-01   4.4669759e-16   4.9924569e-01   5.7315917e-01  -1.2231083e-15   4.3486396e-01   7.0604003e-01   5.4037965e-01   5.5246369e-16  -5.4037965e-01  -7.0604003e-01  -4.3486396e-01  -3.6714881e-16  -4.0528473e-01  -3.5302002e-01  -1.0528763e-16   4.3867704e-01   6.3661977e-01   4.3867704e-01  -1.4041899e-15  -3.5302002e-01  -4.0528473e-01
   4.0528473e-01   4.9924569e-01   5.7315917e-01   6.2038301e-01   6.3661977e-01   6.2038301e-01   5.7315917e-01   4.9924569e-01   4.0528473e-01   3.0600884e-16   2.7124682e-15   7.7862172e-16   1.0299521e-15   5.5246369e-16   7.2555131e-16   8.4325194e-16  -7.5352682e-16   1.2842483e-15  -5.7315917e-01  -7.0604003e-01  -8.1056947e-01  -8.7735407e-01  -9.0031632e-01  -8.7735407e-01  -8.1056947e-01  -7.0604003e-01  -5.7315917e-01  -4.5623405e-16  -7.4918508e-16   4.8350198e-16   2.9074377e-16   5.9670631e-17  -1.7444626e-16  -3.7605710e-16   3.5578013e-15  -1.6718342e-15   6.3661977e-01   7.8421330e-01   9.0031632e-01   9.7449536e-01   1.0000000e+00   9.7449536e-01   9.0031632e-01   7.8421330e-01   6.3661977e-01  -1.6718342e-15   3.5578013e-15  -3.7605710e-16  -1.7444626e-16   5.9670631e-17   2.9074377e-16   4.8350198e-16  -7.4918508e-16  -4.5623405e-16  -5.7315917e-01  -7.0604003e-01  -8.1056947e-01  -8.7735407e-01  -9.0031632e-01  -8.7735407e-01  -8.1056947e-01  -7.0604003e-01  -5.7315917e-01   1.2842483e-15  -7.5352682e-16   8.4325194e-16   7.2555131e-16   5.5246369e-16   1.0299521e-15   7.7862172e-16   2.7124682e-15   3.0600884e-16   4.0528473e-01   4.9924569e-01   5.7315917e-01   6.2038301e-01   6.3661977e-01   6.2038301e-01   5.7315917e-01   4.9924569e-01   4.0528473e-01
   4.0528473e-01   3.5302002e-01  -2.4567114e-16  -4.3867704e-01  -6.3661977e-01  -4.3867704e-01   1.7547939e-16   3.5302002e-01   4.0528473e-01  -3.5302002e-01  -6.1499051e-01  -4.9924569e-01  -4.4478429e-16   5.5452254e-01   7.6421222e-01   4.9924569e-01  -1.1297192e-16  -3.5302002e-01   1.7547939e-16   4.9924569e-01   8.1056947e-01   6.2038301e-01  -1.6538542e-16  -6.2038301e-01  -8.1056947e-01  -4.9924569e-01   3.5095877e-17   4.3867704e-01  -1.4038351e-16  -6.2038301e-01  -9.4964120e-01  -6.8907228e-01   5.8148753e-17   6.2038301e-01   7.6421222e-01   4.3867704e-01  -6.3661977e-01  -5.5452254e-01   5.5128475e-17   6.8907228e-01   1.0000000e+00   6.8907228e-01   5.5128475e-17  -5.5452254e-01  -6.3661977e-01   4.3867704e-01   7.6421222e-01   6.2038301e-01   5.8148753e-17  -6.8907228e-01  -9.4964120e-01  -6.2038301e-01  -1.4038351e-16   4.3867704e-01   3.5095877e-17  -4.9924569e-01  -8.1056947e-01  -6.2038301e-01  -1.6538542e-16   6.2038301e-01   8.1056947e-01   4.9924569e-01   1.7547939e-16  -3.5302002e-01  -1.1297192e-16   4.9924569e-01   7.6421222e-01   5.5452254e-01  -4.4478429e-16  -4.9924569e-01  -6.1499051e-01  -3.5302002e-01   4.0528473e-01   3.5302002e-01   1.7547939e-16  -4.3867704e-01  -6.3661977e-01  -4.3867704e-01  -2.4567114e-16   3.5302002e-01   4.0528473e-01
  -4.0528473e-01  -6.1170867e-16   5.7315917e-01  -2.6591252e-16  -6.3661977e-01   1.8993752e-16   5.7315917e-01  -5.3512920e-16  -4.0528473e-01   3.5302002e-01   4.3486396e-01  -4.9924569e-01  -5.4037965e-01   5.5452254e-01   5.4037965e-01  -4.9924569e-01  -4.3486396e-01   3.5302002e-01  -2.4567114e-16  -7.0604003e-01   2.4816533e-16   8.7735407e-01  -1.6538542e-16  -8.7735407e-01   4.9633065e-17   7.0604003e-01   3.5095877e-17  -4.3867704e-01   5.4037965e-01   6.2038301e-01  -6.7149773e-01  -6.8907228e-01   6.7149773e-01   6.2038301e-01  -5.4037965e-01  -4.3867704e-01   6.3661977e-01   5.5246369e-16  -9.0031632e-01   5.9670631e-17   1.0000000e+00   5.9670631e-17  -9.0031632e-01   5.5246369e-16   6.3661977e-01  -4.3867704e-01  -5.4037965e-01   6.2038301e-01   6.7149773e-01  -6.8907228e-01  -6.7149773e-01   6.2038301e-01   5.4037965e-01  -4.3867704e-01   3.5095877e-17   7.0604003e-01   4.9633065e-17  -8.7735407e-01  -1.6538542e-16   8.7735407e-01   2.4816533e-16  -7.0604003e-01  -2.4567114e-16   3.5302002e-01  -4.3486396e-01  -4.9924569e-01   5.4037965e-01   5.5452254e-01  -5.4037965e-01  -4.9924569e-01   4.3486396e-01   3.5302002e-01  -4.0528473e-01  -5.3512920e-16   5.7315917e-01   1.8993752e-16  -6.3661977e-01  -2.6591252e-16   5.7315917e-01  -6.1170867e-16  -4.0528473e-01
   4.0528473e-01  -3.5302002e-01   3.1586289e-16   4.3867704e-01  -6.3661977e-01   4.3867704e-01  -1.0528763e-16  -3.5302002e-01   4.0528473e-01  -3.5302002e-01  -7.5352682e-16   4.9924569e-01  -7.6421222e-01   5.5452254e-01   5.3837330e-16  -4.9924569e-01   6.1499051e-01  -3.5302002e-01   3.1586289e-16   4.9924569e-01  -8.1056947e-01   6.2038301e-01  -1.6538542e-16  -6.2038301e-01   8.1056947e-01  -4.9924569e-01  -1.0528763e-16   4.3867704e-01  -7.6421222e-01   6.2038301e-01  -1.7444626e-16  -6.8907228e-01   9.4964120e-01  -6.2038301e-01   5.3837330e-16   4.3867704e-01  -6.3661977e-01   5.5452254e-01  -1.6538542e-16  -6.8907228e-01   1.0000000e+00  -6.8907228e-01  -1.6538542e-16   5.5452254e-01  -6.3661977e-01   4.3867704e-01   5.3837330e-16  -6.2038301e-01   9.4964120e-01  -6.8907228e-01  -1.7444626e-16   6.2038301e-01  -7.6421222e-01   4.3867704e-01  -1.0528763e-16  -4.9924569e-01   8.1056947e-01  -6.2038301e-01  -1.6538542e-16   6.2038301e-01  -8.1056947e-01   4.9924569e-01   3.1586289e-16  -3.5302002e-01   6.1499051e-01  -4.9924569e-01   5.3837330e-16   5.5452254e-01  -7.6421222e-01   4.9924569e-01  -7.5352682e-16  -3.5302002e-01   4.0528473e-01  -3.5302002e-01  -1.0528763e-16   4.3867704e-01  -6.3661977e-01   4.3867704e-01   3.1586289e-16  -3.5302002e-01   4.0528473e-01
  -4.0528473e-01   4.9924569e-01  -5.7315917e-01   6.2038301e-01  -6.3661977e-01   6.2038301e-01  -5.7315917e-01   4.9924569e-01  -4.0528473e-01   3.5302002e-01  -4.3486396e-01   4.9924569e-01  -5.4037965e-01   5.5452254e-01  -5.4037965e-01   4.9924569e-01  -4.3486396e-01   3.5302002e-01  -1.4041899e-15  -8.6508669e-16  -3.4743146e-16   2.6861221e-16  -1.6538542e-16   5.3722443e-17   4.9633065e-17   1.1244816e-15   1.7547939e-16  -4.3867704e-01   5.4037965e-01  -6.2038301e-01   6.7149773e-01  -6.8907228e-01   6.7149773e-01  -6.2038301e-01   5.4037965e-01  -4.3867704e-01   6.3661977e-01  -7.8421330e-01   9.0031632e-01  -9.7449536e-01   1.0000000e+00  -9.7449536e-01   9.0031632e-01  -7.8421330e-01   6.3661977e-01  -4.3867704e-01   5.4037965e-01  -6.2038301e-01   6.7149773e-01  -6.8907228e-01   6.7149773e-01  -6.2038301e-01   5.4037965e-01  -4.3867704e-01   1.7547939e-16   1.1244816e-15   4.9633065e-17   5.3722443e-17  -1.6538542e-16   2.6861221e-16  -3.4743146e-16  -8.6508669e-16  -1.4041899e-15   3.5302002e-01  -4.3486396e-01   4.9924569e-01  -5.4037965e-01   5.5452254e-01  -5.4037965e-01   4.9924569e-01  -4.3486396e-01   3.5302002e-01  -4.0528473e-01   4.9924569e-01  -5.7315917e-01   6.2038301e-01  -6.3661977e-01   6.2038301e-01  -5.7315917e-01   4.9924569e-01  -4.0528473e-01
   4.0528473e-01  -3.5302002e-01  -1.4041899e-15   4.3867704e-01  -6.3661977e-01   4.3867704e-01   3.5095877e-17  -3.5302002e-01   4.0528473e-01  -3.5302002e-01   6.1499051e-01  -4.9924569e-01   1.0299521e-15   5.5452254e-01  -7.6421222e-01   4.9924569e-01  -1.1297192e-16  -3.5302002e-01  -5.6188881e-16  -4.9924569e-01   8.1056947e-01  -6.2038301e-01  -1.6538542e-16   6.2038301e-01  -8.1056947e-01   4.9924569e-01  -2.4567114e-16   4.3867704e-01  -9.3636309e-16  -6.2038301e-01   9.4964120e-01  -6.8907228e-01   5.8148753e-17   6.2038301e-01  -7.6421222e-01   4.3867704e-01  -6.3661977e-01   5.5452254e-01   2.7564237e-16  -6.8907228e-01   1.0000000e+00  -6.8907228e-01   2.7564237e-16   5.5452254e-01  -6.3661977e-01   4.3867704e-01  -7.6421222e-01   6.2038301e-01   5.8148753e-17  -6.8907228e-01   9.4964120e-01  -6.2038301e-01  -9.3636309e-16   4.3867704e-01  -2.4567114e-16   4.9924569e-01  -8.1056947e-01   6.2038301e-01  -1.6538542e-16  -6.2038301e-01   8.1056947e-01  -4.9924569e-01  -5.6188881e-16  -3.5302002e-01  -1.1297192e-16   4.9924569e-01  -7.6421222e-01   5.5452254e-01   1.0299521e-15  -4.9924569e-01   6.1499051e-01  -3.5302002e-01   4.0528473e-01  -3.5302002e-01   3.5095877e-17   4.3867704e-01  -6.3661977e-01   4.3867704e-01  -1.4041899e-15  -3.5302002e-01   4.0528473e-01
  -4.0528473e-01   4.2828877e-16   5.7315917e-01   3.4188753e-16  -6.3661977e-01  -1.1396251e-16   5.7315917e-01   7.9512856e-16  -4.0528473e-01   3.5302002e-01  -4.3486396e-01  -4.9924569e-01   5.4037965e-01   5.5452254e-01  -5.4037965e-01  -4.9924569e-01   4.3486396e-01   3.5302002e-01  -1.5445734e-15   7.0604003e-01   4.4669759e-16  -8.7735407e-01  -1.6538542e-16   8.7735407e-01  -1.4889920e-16  -7.0604003e-01   3.1586289e-16  -4.3867704e-01  -5.4037965e-01   6.2038301e-01   6.7149773e-01  -6.8907228e-01  -6.7149773e-01   6.2038301e-01   5.4037965e-01  -4.3867704e-01   6.3661977e-01  -9.6086972e-16  -9.0031632e-01  -1.7901189e-16   1.0000000e+00  -1.7901189e-16  -9.0031632e-01  -9.6086972e-16   6.3661977e-01  -4.3867704e-01   5.4037965e-01   6.2038301e-01  -6.7149773e-01  -6.8907228e-01   6.7149773e-01   6.2038301e-01  -5.4037965e-01  -4.3867704e-01   3.1586289e-16  -7.0604003e-01  -1.4889920e-16   8.7735407e-01  -1.6538542e-16  -8.7735407e-01   4.4669759e-16   7.0604003e-01  -1.5445734e-15   3.5302002e-01   4.3486396e-01  -4.9924569e-01  -5.4037965e-01   5.5452254e-01   5.4037965e-01  -4.9924569e-01  -4.3486396e-01   3.5302002e-01  -4.0528473e-01   7.9512856e-16   5.7315917e-01  -1.1396251e-16  -6.3661977e-01   3.4188753e-16   5.7315917e-01   4.2828877e-16  -4.0528473e-01
   4.0528473e-01   3.5302002e-01  -5.6188881e-16  -4.3867704e-01  -6.3661977e-01  -4.3867704e-01   3.5095877e-17   3.5302002e-01   4.0528473e-01  -3.5302002e-01   5.2758298e-16   4.9924569e-01   7.6421222e-01   5.5452254e-01  -6.3196230e-16  -4.9924569e-01  -6.1499051e-01  -3.5302002e-01  -4.2150530e-16  -4.9924569e-01  -8.1056947e-01  -6.2038301e-01  -1.6538542e-16   6.2038301e-01   8.1056947e-01   4.9924569e-01  -1.4041899e-15   4.3867704e-01   7.6421222e-01   6.2038301e-01   2.9074377e-16  -6.8907228e-01  -9.4964120e-01  -6.2038301e-01  -9.3636309e-16   4.3867704e-01  -6.3661977e-01  -5.5452254e-01  -3.8589932e-16   6.8907228e-01   1.0000000e+00   6.8907228e-01  -3.8589932e-16  -5.5452254e-01  -6.3661977e-01   4.3867704e-01  -9.3636309e-16  -6.2038301e-01  -9.4964120e-01  -6.8907228e-01   2.9074377e-16   6.2038301e-01   7.6421222e-01   4.3867704e-01  -1.4041899e-15   4.9924569e-01   8.1056947e-01   6.2038301e-01  -1.6538542e-16  -6.2038301e-01  -8.1056947e-01  -4.9924569e-01  -4.2150530e-16  -3.5302002e-01  -6.1499051e-01  -4.9924569e-01  -6.3196230e-16   5.5452254e-01   7.6421222e-01   4.9924569e-01   5.2758298e-16  -3.5302002e-01   4.0528473e-01   3.5302002e-01   3.5095877e-17  -4.3867704e-01  -6.3661977e-01  -4.3867704e-01  -5.6188881e-16   3.5302002e-01   4.0528473e-01
  -4.0528473e-01  -4.9924569e-01  -5.7315917e-01  -6.2038301e-01  -6.3661977e-01  -6.2038301e-01  -5.7315917e-01  -4.9924569e-01  -4.0528473e-01   3.5302002e-01   4.3486396e-01   4.9924569e-01   5.4037965e-01   5.5452254e-01   5.4037965e-01   4.9924569e-01   4.3486396e-01   3.5302002e-01  -1.6849569e-15   3.1140499e-15  -1.9858243e-15  -3.7605710e-16  -1.6538542e-16   5.3722443e-17   2.4816533e-16  -2.1192657e-15  -5.6188881e-16  -4.3867704e-01  -5.4037965e-01  -6.2038301e-01  -6.7149773e-01  -6.8907228e-01  -6.7149773e-01  -6.2038301e-01  -5.4037965e-01  -4.3867704e-01   6.3661977e-01   7.8421330e-01   9.0031632e-01   9.7449536e-01   1.0000000e+00   9.7449536e-01   9.0031632e-01   7.8421330e-01   6.3661977e-01  -4.3867704e-01  -5.4037965e-01  -6.2038301e-01  -6.7149773e-01  -6.8907228e-01  -6.7149773e-01  -6.2038301e-01  -5.4037965e-01  -4.3867704e-01  -5.6188881e-16  -2.1192657e-15   2.4816533e-16   5.3722443e-17  -1.6538542e-16  -3.7605710e-16  -1.9858243e-15   3.1140499e-15  -1.6849569e-15   3.5302002e-01   4.3486396e-01   4.9924569e-01   5.4037965e-01   5.5452254e-01   5.4037965e-01   4.9924569e-01   4.3486396e-01   3.5302002e-01  -4.0528473e-01  -4.9924569e-01  -5.7315917e-01  -6.2038301e-01  -6.3661977e-01  -6.2038301e-01  -5.7315917e-01  -4.9924569e-01  -4.0528473e-01
  -4.0528473e-01  -3.5302002e-01   3.1586289e-16   4.3867704e-01   6.3661977e-01   4.3867704e-01  -2.4567114e-16  -3.5302002e-01  -4.0528473e-01   4.9924569e-01   4.3486396e-01   9.5155166e-16  -5.4037965e-01  -7.8421330e-01  -5.4037965e-01  -1.0380166e-15   4.3486396e-01   4.9924569e-01  -5.7315917e-01  -4.9924569e-01   2.4816533e-16   6.2038301e-01   9.0031632e-01   6.2038301e-01  -1.4889920e-16  -4.9924569e-01  -5.7315917e-01   6.2038301e-01   5.4037965e-01  -1.6116733e-16  -6.7149773e-01  -9.7449536e-01  -6.7149773e-01   5.3722443e-17   5.4037965e-01   6.2038301e-01  -6.3661977e-01  -5.5452254e-01   5.5128475e-17   6.8907228e-01   1.0000000e+00   6.8907228e-01   5.5128475e-17  -5.5452254e-01  -6.3661977e-01   6.2038301e-01   5.4037965e-01   5.3722443e-17  -6.7149773e-01  -9.7449536e-01  -6.7149773e-01  -1.6116733e-16   5.4037965e-01   6.2038301e-01  -5.7315917e-01  -4.9924569e-01  -1.4889920e-16   6.2038301e-01   9.0031632e-01   6.2038301e-01   2.4816533e-16  -4.9924569e-01  -5.7315917e-01   4.9924569e-01   4.3486396e-01  -1.0380166e-15  -5.4037965e-01  -7.8421330e-01  -5.4037965e-01   9.5155166e-16   4.3486396e-01   4.9924569e-01  -4.0528473e-01  -3.5302002e-01  -2.4567114e-16   4.3867704e-01   6.3661977e-01   4.3867704e-01   3.1586289e-16  -3.5302002e-01  -4.0528473e-01
   4.0528473e-01   5.5056870e-16  -5.7315917e-01   3.4188753e-16   6.3661977e-01  -2.6591252e-16  -5.7315917e-01   5.9626916e-16   4.0528473e-01  -4.9924569e-01  -7.5352682e-16   7.0604003e-01   1.0299521e-15  -7.8421330e-01  -1.1235411e-15   7.0604003e-01   4.3324937e-16  -4.9924569e-01   5.7315917e-01   9.5155166e-16  -8.1056947e-01   2.6861221e-16   9.0031632e-01  -1.6116733e-16  -8.1056947e-01   6.7032200e-16   5.7315917e-01  -6.2038301e-01  -4.4478429e-16   8.7735407e-01  -1.7444626e-16  -9.7449536e-01   5.8148753e-17   8.7735407e-01  -6.3196230e-16  -6.2038301e-01   6.3661977e-01   5.5246369e-16  -9.0031632e-01   5.9670631e-17   1.0000000e+00   5.9670631e-17  -9.0031632e-01   5.5246369e-16   6.3661977e-01  -6.2038301e-01  -6.3196230e-16   8.7735407e-01   5.8148753e-17  -9.7449536e-01  -1.7444626e-16   8.7735407e-01  -4.4478429e-16  -6.2038301e-01   5.7315917e-01   6.7032200e-16  -8.1056947e-01  -1.6116733e-16   9.0031632e-01   2.6861221e-16  -8.1056947e-01   9.5155166e-16   5.7315917e-01  -4.9924569e-01   4.3324937e-16   7.0604003e-01  -1.1235411e-15  -7.8421330e-01   1.0299521e-15   7.0604003e-01  -7.5352682e-16  -4.9924569e-01   4.0528473e-01   5.9626916e-16  -5.7315917e-01  -2.6591252e-16   6.3661977e-01   3.4188753e-16  -5.7315917e-01   5.5056870e-16   4.0528473e-01
  -4.0528473e-01   3.5302002e-01  -1.4041899e-15  -4.3867704e-01   6.3661977e-01  -4.3867704e-01   1.7547939e-16   3.5302002e-01  -4.0528473e-01   4.9924569e-01  -4.3486396e-01  -8.6508669e-16   5.4037965e-01  -7.8421330e-01   5.4037965e-01   1.1244816e-15  -4.3486396e-01   4.9924569e-01  -5.7315917e-01   4.9924569e-01  -3.4743146e-16  -6.2038301e-01   9.0031632e-01  -6.2038301e-01   4.9633065e-17   4.9924569e-01  -5.7315917e-01   6.2038301e-01  -5.4037965e-01   2.6861221e-16   6.7149773e-01  -9.7449536e-01   6.7149773e-01   5.3722443e-17  -5.4037965e-01   6.2038301e-01  -6.3661977e-01   5.5452254e-01  -1.6538542e-16  -6.8907228e-01   1.0000000e+00  -6.8907228e-01  -1.6538542e-16   5.5452254e-01  -6.3661977e-01   6.2038301e-01  -5.4037965e-01   5.3722443e-17   6.7149773e-01  -9.7449536e-01   6.7149773e-01   2.6861221e-16  -5.4037965e-01   6.2038301e-01  -5.7315917e-01   4.9924569e-01   4.9633065e-17  -6.2038301e-01   9.0031632e-01  -6.2038301e-01  -3.4743146e-16   4.9924569e-01  -5.7315917e-01   4.9924569e-01  -4.3486396e-01   1.1244816e-15   5.4037965e-01  -7.8421330e-01   5.4037965e-01  -8.6508669e-16  -4.3486396e-01   4.9924569e-01  -4.0528473e-01   3.5302002e-01   1.7547939e-16  -4.3867704e-01   6.3661977e-01  -4.3867704e-01  -1.4041899e-15   3.5302002e-01  -4.0528473e-01
   4.0528473e-01  -4.9924569e-01   5.7315917e-01  -6.2038301e-01   6.3661977e-01  -6.2038301e-01   5.7315917e-01  -4.9924569e-01   4.0528473e-01  -4.9924569e-01   6.1499051e-01  -7.0604003e-01   7.6421222e-01  -7.8421330e-01   7.6421222e-01  -7.0604003e-01   6.1499051e-01  -4.9924569e-01   5.7315917e-01  -7.0604003e-01   8.1056947e-01  -8.7735407e-01   9.0031632e-01  -8.7735407e-01   8.1056947e-01  -7.0604003e-01   5.7315917e-01  -6.2038301e-01   7.6421222e-01  -8.7735407e-01   9.4964120e-01  -9.7449536e-01   9.4964120e-01  -8.7735407e-01   7.6421222e-01  -6.2038301e-01   6.3661977e-01  -7.8421330e-01   9.0031632e-01  -9.7449536e-01   1.0000000e+00  -9.7449536e-01   9.0031632e-01  -7.8421330e-01   6.3661977e-01  -6.2038301e-01   7.6421222e-01  -8.7735407e-01   9.4964120e-01  -9.7449536e-01   9.4964120e-01  -8.7735407e-01   7.6421222e-01  -6.2038301e-01   5.7315917e-01  -7.0604003e-01   8.1056947e-01  -8.7735407e-01   9.0031632e-01  -8.7735407e-01   8.1056947e-01  -7.0604003e-01   5.7315917e-01  -4.9924569e-01   6.1499051e-01  -7.0604003e-01   7.6421222e-01  -7.8421330e-01   7.6421222e-01  -7.0604003e-01   6.1499051e-01  -4.9924569e-01   4.0528473e-01  -4.9924569e-01   5.7315917e-01  -6.2038301e-01   6.3661977e-01  -6.2038301e-01   5.7315917e-01  -4.9924569e-01   4.0528473e-01
  -4.0528473e-01   3.5302002e-01  -5.6188881e-16  -4.3867704e-01   6.3661977e-01  -4.3867704e-01  -1.0528763e-16   3.5302002e-01  -4.0528473e-01   4.9924569e-01  -4.3486396e-01   7.7862172e-16   5.4037965e-01  -7.8421330e-01   5.4037965e-01  -1.2109466e-15  -4.3486396e-01   4.9924569e-01  -5.7315917e-01   4.9924569e-01   4.4669759e-16  -6.2038301e-01   9.0031632e-01  -6.2038301e-01   4.9633065e-17   4.9924569e-01  -5.7315917e-01   6.2038301e-01  -5.4037965e-01  -3.7605710e-16   6.7149773e-01  -9.7449536e-01   6.7149773e-01  -1.6116733e-16  -5.4037965e-01   6.2038301e-01  -6.3661977e-01   5.5452254e-01   2.7564237e-16  -6.8907228e-01   1.0000000e+00  -6.8907228e-01   2.7564237e-16   5.5452254e-01  -6.3661977e-01   6.2038301e-01  -5.4037965e-01  -1.6116733e-16   6.7149773e-01  -9.7449536e-01   6.7149773e-01  -3.7605710e-16  -5.4037965e-01   6.2038301e-01  -5.7315917e-01   4.9924569e-01   4.9633065e-17  -6.2038301e-01   9.0031632e-01  -6.2038301e-01   4.4669759e-16   4.9924569e-01  -5.7315917e-01   4.9924569e-01  -4.3486396e-01  -1.2109466e-15   5.4037965e-01  -7.8421330e-01   5.4037965e-01   7.7862172e-16  -4.3486396e-01   4.9924569e-01  -4.0528473e-01   3.5302002e-01  -1.0528763e-16  -4.3867704e-01   6.3661977e-01  -4.3867704e-01  -5.6188881e-16   3.5302002e-01  -4.0528473e-01
   4.0528473e-01  -3.6714881e-16  -5.7315917e-01  -1.5198841e-15   6.3661977e-01   1.8993752e-16  -5.7315917e-01  -8.5626852e-16   4.0528473e-01  -4.9924569e-01   2.7124682e-15   7.0604003e-01  -9.3636309e-16  -7.8421330e-01   1.2171301e-15   7.0604003e-01  -1.1297192e-16  -4.9924569e-01   5.7315917e-01  -6.9215676e-16  -8.1056947e-01  -3.7605710e-16   9.0031632e-01   5.3722443e-17  -8.1056947e-01  -1.0380166e-15   5.7315917e-01  -6.2038301e-01   8.4277408e-16   8.7735407e-01   2.9074377e-16  -9.7449536e-01   5.8148753e-17   8.7735407e-01   1.0299521e-15  -6.2038301e-01   6.3661977e-01  -9.6086972e-16  -9.0031632e-01  -1.7901189e-16   1.0000000e+00  -1.7901189e-16  -9.0031632e-01  -9.6086972e-16   6.3661977e-01  -6.2038301e-01   1.0299521e-15   8.7735407e-01   5.8148753e-17  -9.7449536e-01   2.9074377e-16   8.7735407e-01   8.4277408e-16  -6.2038301e-01   5.7315917e-01  -1.0380166e-15  -8.1056947e-01   5.3722443e-17   9.0031632e-01  -3.7605710e-16  -8.1056947e-01  -6.9215676e-16   5.7315917e-01  -4.9924569e-01  -1.1297192e-16   7.0604003e-01   1.2171301e-15  -7.8421330e-01  -9.3636309e-16   7.0604003e-01   2.7124682e-15  -4.9924569e-01   4.0528473e-01  -8.5626852e-16  -5.7315917e-01   1.8993752e-16   6.3661977e-01  -1.5198841e-15  -5.7315917e-01  -3.6714881e-16   4.0528473e-01
